00 04 00 00 
11 01 00 01 
08 00 00 00 
0C 00 00 00 80 40 5C 00 
0C 00 00 00 80 40 60 00 
09 00 00 00

27 BD FF E8 AF BF 00 14 3C 19 80 36 8F 39 11 60 8F 38 01 B0 17 00 00 35 3C 08 80 34 C5 02 B1 B0 C5 00 B1 AC C5 0C B1 B4 C7 24 00 A0 C7 26 00 A4 C7 2E 00 A8 46 04 02 01 46 00 42 05 46 06 12 81 46 00 52 85 46 0E 64 01 46 00 84 05 46 00 42 24 44 0A 40 00 25 4A FD A8 46 00 52 A4 44 09 50 00 25 29 FD A8 46 00 84 24 44 0B 80 00 25 6B FF E0 05 61 00 29 00 00 00 00 05 41 00 27 00 00 00 00 05 21 00 25 00 00 00 00 3C 08 80 33 35 08 B2 52 34 0F 00 01 A5 0F 00 00 34 18 00 40 A5 18 00 02 3C 19 80 36 8F 39 11 60 8F 2D 01 88 00 0D 6C 02 A5 0D 00 04 AF 2F 01 B0 AF 20 01 54 3C 08 80 36 8D 08 11 58 34 09 00 20 A5 09 00 02 3C 04 70 1E 0C 0B 28 51 34 84 00 81 3C 08 80 34 34 09 13 00 34 0A 00 06 A1 0A C5 A0 AD 00 B1 7C 3C 19 80 36 8F 39 11 60 C7 24 00 A0 C7 26 00 A4 C7 2E 00 A8 3C 09 80 34 8F 2D 01 54 25 AD FF C7 19 A0 00 02 34 0A 13 00 AD 2A B1 7C 8F BF 00 14 03 E0 00 08 27 BD 00 18 8F BF 00 14 03 E0 00 08 27 BD 00 18 27 BD 00 18

27 BD FF E8 AF BF 00 14 3C 19 80 36 8F 39 11 60 8F 38 01 B0 13 00 00 5D 3C 04 80 40 3C 08 80 36 8D 08 11 60 8D 09 01 88 31 29 00 FF 01 24 20 21 0C 09 DF D4 8C 84 5E 00 3C 19 80 36 8F 39 11 60 3C 08 80 34 8F 2E 01 88 31 CE FF 00 31 CC 00 01 11 80 00 02 C5 00 B1 AC C5 00 B1 B4 C5 02 B1 B0 C7 24 00 A0 C7 26 00 A4 31 CF 00 06 11 EE 00 02 46 04 02 01 46 00 42 07 46 06 12 81 84 58 00 02 44 98 60 00 46 80 63 20 84 59 00 00 44 99 70 00 46 80 73 A0 46 0C 53 01 46 0C 63 02 46 0E 43 81 46 0E 73 82 46 0C 74 00 46 00 81 04 3C 08 80 36 8D 08 11 60 8D 0A 01 54 44 8A 00 00 46 80 00 20 3C 0B 3F 1A 44 8B 40 00 46 08 00 02 3C 0B 3C F5 44 8B 10 00 46 02 21 82 E5 04 02 00 46 06 03 01 AF AA 00 08 0C 0C 95 20 AF A2 00 04 8F A2 00 04 3C 08 45 C8 44 88 20 00 3C 09 80 36 8D 29 11 60 C5 30 02 00 46 10 21 03 46 00 22 02 46 00 42 85 46 00 42 24 44 19 40 00 46 00 52 A4 44 18 50 00 27 18 FF 40 1B 00 00 07 00 00 00 00 1B 20 00 03 34 19 00 C0 10 00 00 03 00 00 00 00 03 39 C8 26 27 39 00 01 A4 59 00 04 24 42 00 10 AF A2 00 04 3C 04 80 40 3C 08 80 36 8D 08 11 60 8D 09 01 88 31 29 00 FF 01 24 20 21 24 84 00 04 0C 09 DF D4 8C 84 5E 00 00 40 18 25 8F A2 00 04 10 43 00 03 00 00 00 00 10 00 FF AC 00 00 00 00 8F BF 00 14 03 E0 00 08 27 BD 00 18

00 09 00 00 2A 00 00 00 08 01 2D 70 0C 00 00 00 80 40 2A 30 08 00 00 00 0C 00 00 00 80 38 39 CC 09 00 00 00

3C 08 80 36 8D 08 11 60 3C 09 3D CB 44 89 00 00 3C 0A 40 C0 44 8A 10 00 E5 00 00 30 E5 02 00 2C 03 E0 00 08 00 00 00 00